97
93 1600 16 3.0 0.25 0
92 1600 16 3.0 0.25 0
91 1600 16 3.0 0.25 0
90 1600 16 3.0 0.25 0
89 1600 16 3.0 0.25 0
88 1600 16 3.0 0.25 0
87 1600 16 3.0 0.25 0
86 1600 16 3.0 0.25 0
85 1600 16 3.0 0.25 0
84 1600 16 3.0 0.25 0
83 1600 16 3.0 0.25 0
82 1600 16 3.0 0.25 0
81 1600 16 3.0 0.25 0
80 1600 16 3.0 0.25 0
79 1600 16 3.0 0.25 0
78 1600 16 3.0 0.25 0
77 1600 16 3.0 0.25 0
76 1600 16 3.0 0.25 0
75 1600 16 3.0 0.25 0
74 1600 16 3.0 0.25 0
73 1600 16 3.0 0.25 0
72 1600 16 3.0 0.25 0
71 1600 16 3.0 0.25 0
70 1600 16 3.0 0.25 0
69 1600 16 3.0 0.25 0
68 1600 16 3.0 0.25 0
67 1600 16 3.0 0.25 0
66 1600 16 3.0 0.25 0
65 1600 16 3.0 0.25 0
64 1600 16 3.0 0.25 0
63 1600 16 3.0 0.25 0
62 1600 16 3.0 0.25 0
61 1600 16 3.0 0.25 0
60 1600 16 3.0 0.25 0
59 1600 16 3.0 0.25 0
58 1600 16 3.0 0.25 0
57 1600 16 3.0 0.25 0
56 1600 16 3.0 0.25 0
55 1600 16 3.0 0.25 0
54 1600 16 3.0 0.25 0
53 1600 16 3.0 0.25 0
52 1600 16 3.0 0.25 0
51 1600 16 3.0 0.25 0
50 1600 16 3.0 0.25 0
49 1600 16 3.0 0.25 0
48 1600 16 3.0 0.25 0
47 1600 16 3.0 0.25 0
46 1600 16 3.0 0.25 0
45 1600 16 3.0 0.25 0
44 1600 16 3.0 0.25 0
43 1600 16 3.0 0.25 0
42 1600 16 3.0 0.25 0
41 1600 16 3.0 0.25 0
40 1600 16 3.0 0.25 0
39 1600 16 3.0 0.25 0
38 1600 16 3.0 0.25 0
37 1600 16 3.0 0.25 0
36 1600 16 3.0 0.25 0
35 1600 16 3.0 0.25 0
34 1600 16 3.0 0.25 0
33 1600 16 3.0 0.25 0
32 1600 16 3.0 0.25 0
31 1600 16 3.0 0.25 0
30 1600 16 3.0 0.25 0
29 1600 16 3.0 0.25 0
28 1600 16 3.0 0.25 0
27 1600 16 3.0 0.25 0
26 1600 16 3.0 0.25 0
25 1600 16 3.0 0.25 0
24 1600 16 3.0 0.25 0
23 1600 16 3.0 0.25 0
22 1600 16 3.0 0.25 0
21 1600 16 3.0 0.25 0
20 1600 16 3.0 0.25 0
19 1600 16 3.0 0.25 0
18 1600 16 3.0 0.25 0
17 1600 16 3.0 0.25 0
16 1600 16 3.0 0.25 0
15 1600 16 3.0 0.25 0
14 1600 16 3.0 0.25 0
13 1600 16 3.0 0.25 0
12 1600 16 3.0 0.25 0
11 1600 16 3.0 0.25 0
10 1600 16 3.0 0.25 0
9 1600 16 3.0 0.25 0
8 1600 16 3.0 0.25 0
7 1600 16 3.0 0.25 0
6 1600 16 3.0 0.25 0
5 1600 16 3.0 0.25 0
4 1600 16 3.0 0.25 0
3 1600 16 3.0 0.25 0
2 1600 16 3.0 0.25 0
1 1600 16 3.0 0.25 0
0 1600 16 3.0 0.25 0
94 1600 16 3.0 0.25 0
93 1 1 3.0 0.25 0
-1 1600 16 3.0 0.25 1