5537.14343997563
5536.491982578995
5512.803385643649
5509.979619303542
5505.633334983838
5518.449463580126
5517.363740408231
5507.578409709187
5505.406106469689
5499.759776204269
5486.07058033531
5491.282836757787
5494.976363831088
5479.990136506751
5479.772937433992
5484.984857163416
5489.131562089512
5495.013486347238
5476.886681363801
5511.746760018542
5505.007134229495
5503.051891512801
5502.834706882129
5480.891553932204
5495.88529059997
5509.136786628602
5509.789145608632
5500.879914892649
5510.2240617236475
5489.804311191139
5497.839605243708
5505.007134229495
5496.5367272877575
5413.1046318522785
5348.75461444223
5313.016971480763
5164.012920593496
5049.270528430361
4843.325924078563
4725.432218860708
4654.995697981123
4532.707418847463
4454.544791119929
4400.921944041269
4341.055212475226
4239.9249836778135
4159.246753569767
3985.0834578417425
3860.3374833253415
3806.936980577679
3666.9256880127577
3640.1637851576315
3560.858719870171
3451.4084571293565
3412.1558107384053
3361.64186411511
3268.254101465837
3088.80100400552
2987.434653732327
2786.597927478236
2709.3480881364517
2635.511901935924
2457.178781070327
2382.4337059446257
2294.0769278847083
2286.475553551698
2209.9096169875797
2137.4349253935184
2082.1553757973497
2113.947309771269
2051.3930605299092
1849.6606389481838
1705.0474070422638
1644.2856254213775
1532.9167654480257
1474.83774578753
1466.792528831652
1458.3221218899143
1430.686275596747
1414.1706516991314
1388.2870017904156
1381.5542174024224
1389.372743974767
1389.155591735433
1354.5955668977185
1367.6305220743302
1337.8083067872967
1293.6398748963566
1279.9525404604663
1249.0362881147362
1176.3348701970856
873.2948198017522
579.9251949359432
100
1500
1500
0