3780.36
3774.02
3762.41
3766.6
3770.09
3762.27
3787.88
3772
3765.16
3759.62
3757.19
3763.36
3762.32
3751.4
3738.71
3762.58
3758.98
3758.09
3754.06
3774.72
3773.7
3766.66
3768.29
3759.71
3756.17
3766.32
3766.95
3761.32
3759.42
3747.15
3744.28
3754.68
3747.87
3732.56
3703.52
3725.34
3714.02
3737.4
3680.85
3685.82
3702.93
3678.04
3681.6
3697.92
3680.27
3669.95
3643.44
3685.15
3695.45
3683.42
3683.63
3730.27
3701.39
3679.29
3691.46
3709.96
3700.78
3699.65
3708.01
3685.47
3727.36
3666.61
3685.3
3626.68
3643.1
3682.54
3697.67
3647.02
3625.67
3661.54
3709.72
3622.98
3653.9
3671.05
3630.47
3655.51
3613.09
3607.24
3629.05
3621.83
3633.32
3632.18
3614.1
3604.15
3601.83
3603.22
3612.2
3574.77
3543.41
3496.25
3512.32
3277.74
3184.11
3063.4
3695.72
-210.385
0
